 10, 0.8412731884345682 
 10, 0.851613115460713 
 10, 0.7256840280209681 
 10, 0.8492202449755646 
 10, 0.7973315285107212 
 10, 0.8606436438584197 
 10, 0.8311650044896886 
 10, 0.8064311099200236 
 10, 0.7541953767527069 
 10, 0.7905588060523903 
 10, 0.8358803884667427 
 10, 0.7387055147038455 
 10, 0.6992847364795335 
 10, 0.9743023974378532 
 10, 0.8396631839530551 
 10, 0.7060106666020771 
 10, 0.7504044946372583 
 10, 0.86293091135113 
 10, 0.7999856519251795 
 10, 0.9625204843368234 
 30, 0.8047769648888415 
 30, 0.9334401462920511 
 30, 0.8830051433685061 
 30, 0.8230311520212912 
 30, 0.821540971970619 
 30, 0.8575290464894563 
 30, 0.7579776047573792 
 30, 0.808352144768157 
 30, 0.8174821632068114 
 30, 0.8728143453704862 
 30, 0.7620693084348651 
 30, 0.9597774350307638 
 30, 0.8509131745236608 
 30, 0.7619843482382019 
 30, 0.835477261335156 
 30, 0.8949242057832072 
 30, 0.7936572180349317 
 30, 0.9265537057453805 
 30, 0.812029466212663 
 30, 0.842316842837486 
 50, 0.8575135587944396 
 50, 0.8386609329937125 
 50, 0.8554012392551794 
 50, 0.8940803293515817 
 50, 0.8665727770559442 
 50, 0.8319636548419538 
 50, 0.8511760685920962 
 50, 0.8382155374401725 
 50, 0.8975840897844103 
 50, 0.9068671473896306 
 50, 0.9034149051243836 
 50, 0.846083369143746 
 50, 0.8555254171715856 
 50, 0.9289184306140452 
 50, 0.8148542067342083 
 50, 0.866596544343033 
 50, 0.851332353568141 
 50, 0.8566059117507313 
 50, 0.8701333039136916 
 50, 0.9027171146603823 
 100, 0.96790774695199 
 100, 0.8369050295391117 
 100, 0.9309560240291888 
 100, 0.9385765749637823 
 100, 0.9107948672614011 
 100, 0.8691748033817249 
 100, 0.9247364602206032 
 100, 0.9112484244059222 
 100, 0.8671082692088103 
 100, 0.9558893429847642 
 100, 0.9412964064711334 
 100, 0.9388784832570194 
 100, 0.8880931074439435 
 100, 0.8761331333512177 
 100, 0.9658299294669268 
 100, 0.8994685826108427 
 100, 0.8555868232448203 
 100, 0.8797018311143303 
 100, 0.8385057743037134 
 100, 0.9363551236703813 
 150, 0.9252015980659611 
 150, 0.9365896244557109 
 150, 0.8948178931456255 
 150, 0.8955677490033399 
 150, 0.914181753834836 
 150, 0.9463083727733418 
 150, 0.855171185251998 
 150, 0.9088887528995805 
 150, 0.9300588155541677 
 150, 0.9180260220758636 
 150, 0.8448463958301707 
 150, 0.9557641521764274 
 150, 0.879025634721335 
 150, 0.9372803912223928 
 150, 0.9146024423081668 
 150, 0.9160573074703491 
 150, 0.8668030896397718 
 150, 0.8665748156563525 
 150, 0.9068617400887995 
 150, 0.9029761999359904 
 200, 0.9272789373284624 
 200, 0.985233378467413 
 200, 0.8910323645450553 
 200, 0.8644997594678195 
 200, 0.935578235509706 
 200, 0.9354446233273118 
 200, 0.9319246669003809 
 200, 0.9116744698436773 
 200, 0.8744361592249842 
 200, 0.9243922760797331 
 200, 0.9426536557740357 
 200, 0.9685808573187084 
 200, 0.9391543136714129 
 200, 0.9382733653013662 
 200, 0.9273080978177748 
 200, 0.9608266102702039 
 200, 0.9813373054478657 
 200, 0.9252907261264899 
 200, 0.934774455836575 
 200, 0.9023176838694555 
 300, 0.9352417389862715 
 300, 0.9543283168375456 
 300, 0.926149401772961 
 300, 0.933804114248982 
 300, 0.9357826349332039 
 300, 0.9438144673384208 
 300, 0.9139375338639408 
 300, 0.9702343280584494 
 300, 0.9037659737180137 
 300, 0.9717694043909793 
 300, 0.9390506139987984 
 300, 0.9365872004316615 
 300, 0.9580706437343295 
 300, 0.9238719904688506 
 300, 0.9300417456153784 
 300, 0.9768389276213496 
 300, 0.9488645384635912 
 300, 0.9208571620976267 
 300, 0.9275576373097433 
 300, 0.9045724735202063 
 500, 0.9467299906377405 
 500, 0.9457659701288949 
 500, 0.9783488231180149 
 500, 0.9430208225199159 
 500, 0.9510037871772975 
 500, 0.9384355171137984 
 500, 0.9546003661686522 
 500, 0.9444924782930545 
 500, 0.9796293417487553 
 500, 0.9251630526017119 
 500, 0.9607499097679503 
 500, 0.9331295120825249 
 500, 0.968470714698392 
 500, 0.9575961370411044 
 500, 0.8872586052061493 
 500, 0.9257213939342173 
 500, 0.9300875696397971 
 500, 0.9386162731440387 
 500, 0.9473923351351701 
 500, 0.9497680780654889 
 700, 0.9345661287054305 
 700, 0.9424188052003416 
 700, 0.9520045656474054 
 700, 0.9090211052488586 
 700, 0.9643991055419976 
 700, 0.9347222729368604 
 700, 0.9403307253662748 
 700, 0.9179117498050666 
 700, 0.9348774591684011 
 700, 0.9306960418005837 
 700, 0.949340335579423 
 700, 0.9604397238394324 
 700, 0.960444129055687 
 700, 0.9633295065682592 
 700, 0.9545578492314035 
 700, 0.9584470784508826 
 700, 0.957071123893641 
 700, 0.9762726095818356 
 700, 0.9530475632511386 
 700, 0.9513957531036205 
 1000, 0.9663393376799564 
 1000, 0.9487885383430927 
 1000, 0.9441780566397884 
 1000, 0.9673126869593832 
 1000, 0.942659537583645 
 1000, 0.9608665061348941 
 1000, 0.9771130972972657 
 1000, 0.9414102752936384 
 1000, 0.9417094773176675 
 1000, 0.9571845970660682 
 1000, 0.9807565850363313 
 1000, 0.9650428525737803 
 1000, 0.951288909465581 
 1000, 0.9496437920850108 
 1000, 0.9523361488256388 
 1000, 0.9749151458221981 
 1000, 0.9648826611215957 
 1000, 0.9411699240292734 
 1000, 0.9648483980884413 
 1000, 0.9752906288497691 
 1300, 0.9521950872165279 
 1300, 0.9657374136602956 
 1300, 0.9482224967223161 
 1300, 0.940798639278543 
 1300, 0.9443801949830894 
 1300, 0.9592095779140456 
 1300, 0.9612624803234828 
 1300, 0.9335074801299116 
 1300, 0.9596684084853296 
 1300, 0.9709542207472761 
 1300, 0.9547282899211722 
 1300, 0.9446547700555922 
 1300, 0.957456930369174 
 1300, 0.9521649001634198 
 1300, 0.9511245816572284 
 1300, 0.9710927812149847 
 1300, 0.9603247685326385 
 1300, 0.954842946960492 
 1300, 0.9548605114763373 
 1300, 0.9757870600038261 
 1500, 0.977939864988269 
 1500, 0.9685239621661034 
 1500, 0.9629405584614638 
 1500, 0.9678597294300475 
 1500, 0.9702607591020957 
 1500, 0.9708210298629849 
 1500, 0.9692040642459501 
 1500, 0.9727829227279463 
 1500, 0.9703078435423022 
 1500, 0.9593815067483995 
 1500, 0.9652431444947838 
 1500, 0.9441807095641502 
 1500, 0.9736519138113903 
 1500, 0.9497376680988165 
 1500, 0.975464188282759 
 1500, 0.972425802083556 
 1500, 0.9734413763767213 
 1500, 0.9641554133549218 
 1500, 0.9750066894817352 
 1500, 0.9496062872250598 
 2000, 0.9543473373919673 
 2000, 0.9736288398240334 
 2000, 0.9528140904464921 
 2000, 0.9771220041771662 
 2000, 0.9505856293119881 
 2000, 0.9634685827870526 
 2000, 0.9643310020126877 
 2000, 0.9584258615958042 
 2000, 0.9637914507593457 
 2000, 0.9847400692697268 
 2000, 0.9633771561508535 
 2000, 0.9693346681570743 
 2000, 0.9683673987146553 
 2000, 0.937676561791667 
 2000, 0.9710365011718418 
 2000, 0.9865000104009957 
 2000, 0.96291500553622 
 2000, 0.9454729962152246 
 2000, 0.95586954325347 
 2000, 0.9663731051037964 
 2500, 0.9625901356194402 
 2500, 0.9544179359658045 
 2500, 0.9884936868594136 
 2500, 0.9488947838863573 
 2500, 0.9914729656132547 
 2500, 0.9471337095537281 
 2500, 0.96556695156678 
 2500, 0.9891561950464294 
 2500, 0.9721680761258537 
 2500, 0.9722201487451879 
 2500, 0.9648150610720083 
 2500, 0.9575582100303379 
 2500, 0.9660825728047818 
 2500, 0.9494038006488692 
 2500, 0.971569002662448 
 2500, 0.9680830489292169 
 2500, 0.9541177055182145 
 2500, 0.97748895135329 
 2500, 0.9690861362217621 
 2500, 0.9598087035220707 
 3000, 0.9790741364721004 
 3000, 0.9768178375214176 
 3000, 0.951901515751649 
 3000, 0.9598849680151896 
 3000, 0.9688804466720448 
 3000, 0.9651389707641238 
 3000, 0.9853886635152648 
 3000, 0.9695247654956662 
 3000, 0.9749397851917105 
 3000, 0.9779611049450521 
 3000, 0.9601149315793638 
 3000, 0.9603429702296509 
 3000, 0.9895189108110618 
 3000, 0.9830350705556848 
 3000, 0.9840994678301874 
 3000, 0.985731620671806 
 3000, 0.9597280997610718 
 3000, 0.9706109253767908 
 3000, 0.9822957375789105 
 3000, 0.9655620649658675 
 4000, 0.9764354535574842 
 4000, 0.9763546260933663 
 4000, 0.9869450244524695 
 4000, 0.9781470477719146 
 4000, 0.9757455918437724 
 4000, 0.9946942088653113 
 4000, 0.9741522883066186 
 4000, 0.9606707729143722 
 4000, 0.9762667459284539 
 4000, 0.9836427075825379 
 4000, 0.9775030776774061 
 4000, 0.9595422730360365 
 4000, 0.9679162958415253 
 4000, 0.9909951022844019 
 4000, 0.9726920983924855 
 4000, 0.979233250378779 
 4000, 0.9762938678334383 
 4000, 0.9595877320323019 
 4000, 0.9698355470319454 
 4000, 0.9623722263812708 
 5000, 0.9815096232625066 
 5000, 0.9790159238793701 
 5000, 0.9831052472358697 
 5000, 0.965960087759525 
 5000, 0.9768831897074716 
 5000, 0.9722799155860078 
 5000, 0.9641767509607202 
 5000, 0.9785379869778837 
 5000, 0.9766866010119556 
 5000, 0.9809394160677797 
 5000, 0.9773657731920227 
 5000, 0.9759718985412438 
 5000, 0.964921462298064 
 5000, 0.9730842088037909 
 5000, 0.983076151741642 
 5000, 0.9818147293098712 
 5000, 0.9797510543521659 
 5000, 0.9791843193378652 
 5000, 0.9826130969712137 
 5000, 0.9650452552590651 
