0.44867015678685573
0.557982643419406
0.771879838979178
0.7554274250892907
0.5788483849893092
0.763878678098597
0.7399623058221579
0.6249884133346801
0.7056954909054705
0.703424407199297
0.6256452121211651
0.6557280003470158
0.7752742542670353
0.7083445533473779
0.6370815699524479
0.8256746239266685
0.7609484735148027
0.7978424353843862
0.68424466332144
0.8374074824663705
0.7223518451252884
0.7608447010086767
0.7179058551652047
0.8240997503945922
0.8214406359065303
0.8197519035205337
0.7446889175489049
0.825480094978484
0.766134904249091
0.7746712314348941
0.8496123715175251
0.8627642815625263
0.8076996099743476
0.8835394507364509
0.8819530449665721
0.87732604448434
0.8228771968830206
0.8960997912453901
0.9002702919504614
0.9068776807944094
0.8377701467533545
0.8727537756015837
0.8511579640377037
0.8421871112122943
0.9291496629769187
0.8781200001222552
0.8817628574047947
0.8664981329767607
0.8962875202255092
0.9262728088335678
0.8607705773451871
0.8545382600428411
0.8933391552579971
