2.352684
2.301551
2.396755
2.384339
2.282066
2.362351
2.452128
2.304873
2.498066
2.290631
7.638174
6.775817
6.882821
6.859689
6.772072
6.805355
6.840655
6.834788
6.917725
6.722842
11.592418
11.432224
11.522435
11.019226
11.256947
11.325564
11.361488
11.516386
11.469932
11.264848
16.111952
15.954122
16.260735
15.854577
16.49907
16.011433
15.937321
15.73765
16.234463
15.831388
23.176678
23.019426
22.673944
23.116697
23.022522
22.886367
23.125483
23.063611
22.90425
22.800545
34.418309
35.0902
34.942947
34.345553
33.934065
34.484816
34.528659
34.577759
34.055965
34.858315
45.695498
45.827687
45.93538
45.868329
46.284956
46.38039
46.248829
46.096106
47.098775
46.512231
116.052626
115.040444
115.621292
115.000519
116.164322
113.591758
116.466119
115.039732
115.012567
115.216719
161.708946
162.001412
161.027265
163.298785
162.163837
160.557107
162.057043
161.932453
161.282972
161.289816
