0.324881
0.321194
0.344125
0.33232
0.323541
0.329828
0.397103
0.332725
0.331865
0.327722
1.005685
0.986193
1.031929
0.969351
1.037571
1.022636
1.008099
0.980857
0.98744
0.985914
1.681303
1.685661
1.654397
1.666113
1.662064
1.653436
1.708026
1.675841
1.659863
1.671785
3.358972
3.343386
3.37465
3.319488
3.309237
3.317073
3.378714
3.336543
3.358059
3.292885
5.003267
5.010419
5.013583
4.992701
4.963179
5.067992
5.042719
4.934651
4.9903
4.980681
6.787016
6.671228
6.642488
6.59338
6.712052
6.645688
6.836848
6.675211
6.625867
6.684524
10.220677
9.990433
10.04511
10.157323
10.09628
10.186818
10.087853
10.116007
10.1353
10.163132
16.751224
16.860737
16.902873
16.817433
16.641666
16.76193
16.771872
16.79473
17.090131
16.952376
23.781015
23.585701
23.522478
23.733304
23.384615
23.621314
23.478273
23.668132
23.690857
23.662521
33.686731
33.733545
33.704212
33.779291
33.646487
33.408017
33.657968
33.613942
33.430655
34.064526
44.227301
44.150578
44.027731
43.952759
44.247969
43.864163
44.011121
43.959362
43.96878
44.000945
50.898221
51.505456
50.550022
50.396624
50.893425
50.741865
50.515302
50.004674
50.822892
51.133692
67.287906
66.948811
67.358571
67.373843
67.427266
67.992401
67.665941
67.661094
67.619354
67.204158
84.334241
84.94424
85.083563
84.398946
84.134937
84.670174
84.884263
84.345998
83.678858
84.527616
101.841226
101.552654
101.32891
100.99019
100.995819
101.120787
102.679306
100.625953
101.476777
102.329049
134.691518
135.069883
134.664777
135.895043
135.878802
135.593827
134.870141
135.159125
136.294406
135.582793
167.965633
168.588522
170.849429
169.286504
168.952075
170.433919
168.808625
170.231616
168.32299
167.644778
