0.298716
0.297324
0.297041
0.297583
0.298733
0.297759
0.295863
0.299487
0.297502
0.296947
0.876958
0.883517
0.884442
0.885978
0.886966
0.891427
0.881001
0.889059
0.885409
0.897567
1.481521
1.488479
1.476944
1.472044
1.486659
1.476802
1.467522
1.485777
1.487742
1.480288
2.982915
2.973022
2.988726
2.977622
3.000754
3.001306
2.95916
2.954233
2.974723
2.955693
4.464868
4.435643
4.483093
4.453968
4.488984
4.507145
4.47999
4.462955
4.453777
4.453486
6.019825
5.956135
5.986376
5.974744
5.948294
5.960833
6.040475
5.99766
5.9592
5.923412
8.981266
9.037764
9.037476
8.964714
8.95394
9.031192
8.981488
8.967211
9.024495
8.994547
15.095079
14.8962
14.817594
14.868704
14.960515
14.874767
14.920113
14.86314
14.992944
14.834788
21.223044
20.997707
20.886292
21.154751
20.876843
20.917514
20.912474
20.908904
21.123046
21.02354
29.949933
29.991883
30.246737
29.967976
29.900067
30.295335
29.992118
30.01006
30.213423
29.842581
39.344656
38.973415
39.269694
38.737011
38.962593
39.480576
39.131119
38.769331
39.10403
38.97984
45.118352
44.811607
44.97905
45.484952
44.966795
44.949793
45.257673
44.927091
45.018101
45.128241
60.021509
60.129676
59.871634
60.208102
59.872462
59.801887
60.001356
60.276786
59.635565
60.157746
74.498253
75.470299
75.603514
74.756032
75.446463
74.707322
75.544061
74.568728
75.164222
74.879528
89.708976
90.074827
91.142801
90.1111
90.464905
90.643815
90.766845
89.781948
90.241338
90.528933
119.334497
120.121903
119.822881
120.593073
118.747371
120.669577
121.237487
119.391707
122.065806
120.1143
151.106046
150.579991
151.504462
150.527415
151.082638
149.484935
150.224889
150.045004
151.107527
150.403236
