2.268428
2.249002
2.292746
2.367298
2.361461
2.295546
2.269371
2.341235
2.320849
2.203067
2.293174
2.271053
2.341349
2.270211
2.285346
2.253033
2.291732
2.396949
2.243311
2.304517
7.173916
7.024913
7.048553
6.762039
6.913555
6.833939
7.014395
6.81111
6.905018
7.02211
6.764448
7.023955
7.141916
6.8296
6.831159
6.739255
6.986565
7.129919
6.961722
7.112722
11.616477
11.704049
11.772653
11.522722
11.619199
11.848424
11.678979
11.393629
11.522044
11.533998
11.604047
11.408797
11.573011
11.544857
11.45492
11.428595
11.565925
11.635528
11.543848
11.630421
16.284854
16.222338
16.173325
16.428768
16.310731
16.028386
15.940268
16.137782
16.238289
16.12273
15.873965
16.052358
16.327724
16.237431
16.384976
16.064461
16.114362
16.052547
16.188303
16.09899
23.475735
23.247871
23.426079
22.777296
22.945555
23.722039
23.40304
23.174489
23.346797
23.055625
23.32928
23.494809
23.03318
23.238926
23.590037
22.765965
22.751526
23.361221
23.707523
23.186322
34.665643
34.896213
34.699126
35.223508
35.012681
34.935083
34.922169
34.658468
35.15681
34.916009
34.581265
35.065624
34.891346
34.332436
35.069048
34.918031
34.709397
35.359297
34.886392
36.002608
46.687417
46.177018
46.275856
46.041839
47.568537
46.550337
46.56799
46.716655
46.123993
46.878087
46.307107
46.686108
46.69542
48.535386
49.679344
48.664455
46.917246
48.482843
47.97592
49.400943
119.976562
124.581405
123.616032
116.601181
119.733389
120.091503
118.650798
119.613583
118.675201
118.686247
119.078021
117.458115
124.790581
119.616984
120.246464
125.930078
118.760178
118.694572
118.071435
121.519997
169.864472
172.177672
169.291625
171.234016
168.388399
165.699758
164.415706
165.735291
164.050466
163.246868
164.443794
163.334084
167.025683
168.026886
166.703707
164.617818
162.948001
164.121883
162.531353
171.872071
