0.542702
0.664608
0.778651
0.896067
1.026377
1.132126
1.236561
1.368534
1.48033
1.658584
1.845272
2.102645
2.402994
2.65963
2.970345
3.274307
3.56829
4.160578
4.763183
5.396488
5.920883
6.541548
7.719367
9.034847
10.110836
11.400123
12.549143
15.720017
18.546532
21.9264
25.479936
27.57422
31.474829
34.219194
37.154026
46.728092
56.019824
68.254672
83.59678
105.182572
120.016853
120.759912
126.777045
139.848808
152.1409
163.305487
177.635334
188.504684
201.400598
212.241281
359.338388
479.775308
673.667033
