2.269821
2.378964
2.218614
2.282008
2.387087
2.326639
2.328539
2.310789
2.426441
2.268481
2.361031
2.416845
2.375655
2.318586
2.294906
2.276537
2.468963
2.320463
2.358415
2.396221
2.378875
2.493709
2.274015
2.376692
2.395838
2.315739
2.270522
2.424005
2.441856
2.397755
7.278777
6.93284
6.89235
7.086076
7.068241
6.921814
7.056399
7.182358
7.073048
7.085139
7.035177
6.779378
6.832466
7.093939
6.968492
7.161489
7.166423
7.191006
6.817323
6.912321
7.019249
7.379016
7.013988
7.023761
7.142093
7.441084
7.161816
7.753658
6.938679
7.56839
12.376962
12.036942
12.474653
12.046275
12.116701
12.282824
11.876067
11.8899
11.95538
11.554072
11.941736
12.247223
12.372825
12.201836
11.692846
12.143573
11.447012
12.217634
11.811706
12.127624
12.344112
12.076021
12.123641
12.036184
12.384622
12.118079
11.987894
11.756832
12.042229
11.541689
16.989153
17.182426
16.702678
17.26994
17.404889
17.020258
16.768618
17.219008
16.873269
17.101736
16.638853
16.125249
16.782774
16.922239
16.513497
17.060545
16.605472
16.823868
16.625682
16.679159
16.26962
16.53053
16.618236
16.820383
16.39384
17.429032
17.233758
18.359364
17.866537
17.115319
24.55262
23.676597
24.084312
24.202738
24.207566
26.82887
24.243885
24.021809
23.462105
24.333226
23.664302
24.274314
23.553346
23.592753
23.670977
23.310254
27.432267
23.972243
23.657431
23.300138
23.464124
23.732673
23.87384
24.420797
24.389165
23.533844
24.673155
25.036725
23.617954
24.177388
36.850528
36.008059
35.384333
35.444192
34.967296
35.499871
35.5668
36.366765
36.002959
36.506166
36.066868
40.019377
36.469896
37.18166
37.824892
37.179179
36.003103
35.997567
36.276317
35.457868
36.343593
38.000027
39.056323
37.481745
37.637088
35.65258
35.407527
36.200499
36.065884
35.752912
46.945665
46.649318
46.31737
46.9376
47.445072
47.024417
45.911163
47.084386
46.539133
46.584758
46.765479
46.457041
46.779245
46.616452
50.696256
48.132336
46.962236
45.983206
46.373734
46.531366
46.528937
46.426452
46.527084
46.782166
48.208251
46.892911
47.650728
46.721977
46.375132
46.398449
119.78507
117.785465
115.956128
116.395242
115.92153
115.81956
115.971192
119.267429
122.260032
122.724268
118.849137
117.452498
116.975364
116.711464
116.321873
116.918398
116.640941
115.623284
114.301298
115.667958
116.720583
115.997107
116.361403
117.270425
115.984344
116.698913
116.012918
115.639602
116.852058
118.774816
167.68225
177.244078
172.428027
163.689
163.398869
163.941052
165.026468
164.069087
163.906307
163.916063
163.388156
162.996483
162.03482
162.216351
163.391043
163.141036
163.625739
165.089351
163.262155
164.355405
163.230716
164.580881
161.724596
163.904006
163.685088
164.450605
162.342834
164.716121
163.468493
162.130188
