0.333526
0.335748
0.321097
0.321663
0.328357
0.356235
0.352575
0.325225
0.321464
0.325231
0.33698
0.336062
0.36124
0.381903
0.331946
0.336755
0.326291
0.336445
0.333738
0.331803
1.042218
1.00387
0.989862
0.980069
0.997956
0.988006
1.036177
1.010766
0.98851
0.989663
0.977736
1.004632
0.975645
1.025923
0.966703
0.984216
1.003737
0.985187
1.013548
0.985761
1.665034
1.682321
1.678529
1.64753
1.698452
1.725826
1.679369
1.71023
1.689506
1.658686
1.726272
1.655569
1.689598
1.688848
1.664539
1.725983
1.704395
1.679883
1.673309
1.707385
3.362302
3.371838
3.358406
3.347072
3.397226
3.411498
3.356796
3.347951
3.460188
3.356777
3.31173
3.344479
3.338919
3.398854
3.378628
3.35664
3.372744
3.39219
3.359603
3.370719
5.118089
5.022777
5.047818
4.999499
5.031995
5.026512
5.003707
5.076215
4.960953
5.016252
5.105724
5.006583
5.011529
5.031353
5.111971
5.02676
4.995464
5.045512
5.029905
5.120468
6.752933
6.767397
6.693124
6.661015
6.807992
6.863274
6.790433
6.705961
6.77686
6.66103
6.642654
6.664626
6.794627
6.714937
6.77674
6.642431
6.841492
6.909948
6.804452
6.789086
10.377651
10.211327
10.089493
10.302813
10.092824
10.060086
10.19685
10.112097
10.099208
10.099538
10.106864
10.140565
10.12854
10.24321
10.044361
10.125852
10.112008
10.189278
10.267044
10.049574
16.817281
16.793651
16.808312
16.857744
16.882932
16.888207
16.822857
17.019906
16.866959
17.049162
16.981169
16.809716
16.708574
17.041766
16.790657
16.933862
16.928832
17.113023
16.744343
17.02652
23.823864
23.571973
23.591309
23.727397
23.581785
23.88744
23.785755
23.546571
23.650142
23.962989
23.853908
23.574981
23.695826
23.728717
23.671836
23.655547
23.634216
23.685433
23.661999
23.711269
34.049332
33.733734
34.071096
33.862022
33.962279
33.882113
33.93079
33.992155
34.259295
33.803332
33.67138
34.282747
33.823385
33.918388
34.008757
33.690557
33.815183
34.101456
33.834193
33.80796
44.708168
44.058735
44.481491
44.269235
44.079253
44.005457
43.934559
43.944783
44.165862
44.299767
44.156404
43.683819
44.167133
43.933141
44.141446
44.250149
44.451258
44.104653
43.793727
43.931402
50.81328
51.142578
50.8597
51.062749
51.282141
51.021838
53.948618
55.446137
52.447087
51.157675
51.558182
51.168864
52.120889
51.585168
51.886687
51.038945
51.146111
51.032281
51.462058
50.881878
68.553592
68.127027
68.59488
68.148253
68.292603
68.233207
67.884228
67.909597
67.595301
67.860218
67.121344
68.125036
68.095608
67.734301
67.255294
68.160479
67.281058
67.640995
67.688177
67.356915
85.682614
85.397943
85.256595
84.86042
84.320738
85.342031
84.505023
85.742244
84.798803
85.664841
84.910967
84.757851
84.66527
85.016294
85.31268
85.242833
84.604642
85.141192
85.204558
84.738716
101.722289
102.349557
101.64346
102.029513
102.114704
102.926994
102.448135
102.573848
101.903804
103.440614
102.783098
102.488045
101.62314
102.198082
101.915279
101.797708
102.835746
101.517594
102.119512
102.700417
135.413847
135.970227
136.059173
136.329619
136.9499
135.329741
136.45563
135.967766
135.879365
136.834499
135.653162
136.017239
135.562221
135.803836
136.535657
135.193846
135.202593
135.683929
135.819828
136.050057
169.796885
169.405225
170.172383
169.688492
168.216686
169.157194
170.430529
169.560795
168.246225
168.271192
170.58697
170.143108
169.90796
169.666191
169.716812
169.202447
169.199036
170.938735
169.979092
169.721888
